x <- c(1, 2, 3, 4, 5, 6)            ## vector of variable
y <- c(7, 8, 9, 10, 11, 12)
x + y                                  